116
115
114
115
116
117
118
119
118
117
118
119
120
121
122
121
120
119
120
119
118
117
118
119
120
121
122
123
124
124
125
126
125
126
127
128
129
130
131
132
131
130
129
130
129
130
131
130
131
132
133
132
133
134
135
136
135
134
133
132
131
130
131
132
131
130
129
128
127
127
128
129
128
127
126
127
126
127
126
125
126
127
126
127
128
129
130
129
128
129
130
129
129
130
131
132
131
130
129
128
129
128
129
128
129
128
129
130
129
130
129
130
129
130
129
130
129
128
127
126
127
126
125
124
125
124
124
125
124
125
126
127
128
129
130
131
132
133
134
135
136
137
138
139
140
141
142
143
144
145
146
147
148
149
150
151
152
153
154
155
156
157
158
159
158
159
160
159
160
159
160
161
162
161
160
161
162
163
164
165
166
167
166
165
164
163
162
161
162
162
163
164
163
162
163
164
164
163
164
163
162
161
160
161
160
159
158
157
158
157
158
157
156
155
154
153
154
153
154
153
152
151
150
149
148
147
148
149
150
151
150
149
148
147
146
145
144
143
144
143
144
143
142
143
144
143
142
141
140
139
138
137
136
136
135
136
135
136
135
136
135
134
133
134
135
136
137
138
137
136
135
134
133
132
131
132
131
132
131
132
131
130
129
128
127
126
125
126
127
126
125
124
123
122
121
120
119
118
117
118
